18: 20
2: 11 7
32: 740: 20 20 20 20 40 20 20 20 20 20 20 20 20 20 20 20 20 20 20 20 20 20 20 20 20 20 20 20 20 20 20 100
5: 920: 240 220 160 140 160

1: 4 10 4 5 6 2 1 2 10 6 8 2 1 5 3 4 4 7 2 2 8 6 2 5 5 1 8 4 3 8 5 8
2: 7 2 10 8 4 3 10 7 1 2 8 7 7 4 9 9 3 4 3 1 5 4 5 1 3 1 9 5 4 5 6 2

1: 8 4 7 6 10
2: 3 2 4 6 7
3: 4 5 3 8 6
4: 6 5 4 6 8
5: 2 1 6 3 6
6: 6 7 4 2 10
7: 10 10 2 10 8
8: 6 7 1 10 6
9: 10 1 9 10 8
10: 2 1 7 10 9
11: 3 8 5 6 3
12: 4 9 5 8 6
13: 8 2 8 5 8
14: 3 10 9 4 5
15: 2 7 3 4 8
16: 2 9 6 2 4
17: 7 7 10 7 8
18: 4 3 6 2 6
19: 5 8 9 9 7
20: 7 6 7 8 8
21: 8 3 2 1 6
22: 7 4 3 4 10
23: 10 1 6 9 7
24: 7 1 3 3 1
25: 9 3 9 1 10
26: 5 1 2 5 8
27: 4 10 9 1 5
28: 6 6 6 7 4
29: 9 5 9 8 8
30: 6 3 10 9 3
31: 9 3 1 7 8
32: 1 4 2 5 1
