15: 36
5: 3 3 4 2 3
25: 936: 36 36 36 36 36 36 36 36 36 36 36 36 36 36 36 36 36 36 36 36 36 36 36 36 72
12: 1152: 72 108 108 72 72 108 72 108 108 108 144 72

1: 10 8 2 7 9 9 3 5 4 4 5 3 7 1 8 2 2 1 4 1 1 6 1 8 6
2: 7 3 2 9 6 4 2 9 7 9 4 10 6 7 3 5 8 3 6 3 9 4 10 6 8
3: 2 7 8 5 8 7 2 3 10 8 10 3 7 10 4 4 3 10 1 2 7 8 3 3 5
4: 10 10 6 2 10 5 7 3 6 2 8 2 9 8 3 6 9 7 10 6 7 6 9 6 6
5: 6 8 9 1 4 2 3 6 8 1 3 8 10 1 4 9 8 10 7 8 6 3 1 3 1

1: 3 3 5 5 3 4 3 4 7 10 10 6
2: 4 8 2 8 1 5 3 3 8 2 9 3
3: 6 8 4 7 9 3 3 4 10 1 10 5
4: 7 9 3 9 6 4 5 7 5 9 1 5
5: 5 8 5 3 4 7 2 2 4 7 1 3
6: 1 8 8 10 9 8 6 8 8 6 4 1
7: 10 2 8 1 2 1 10 6 5 9 2 2
8: 8 2 9 3 2 4 3 5 7 3 8 8
9: 10 5 3 3 7 7 5 6 2 2 1 1
10: 6 3 8 3 4 2 8 7 10 6 6 5
11: 8 10 3 5 6 2 7 9 2 6 7 5
12: 3 2 10 6 2 1 7 7 6 10 4 5
13: 10 6 2 1 3 3 2 5 4 1 8 5
14: 7 1 1 9 9 8 4 7 10 4 6 9
15: 9 4 1 4 1 6 5 3 10 7 5 4
16: 4 1 5 2 6 4 6 10 1 5 7 10
17: 3 6 1 9 1 10 1 7 2 3 9 6
18: 9 3 5 10 9 7 4 9 3 9 4 4
19: 1 5 7 8 6 5 3 1 6 8 8 6
20: 6 6 2 9 1 5 3 1 2 6 2 2
21: 8 5 9 9 8 3 3 7 3 6 5 2
22: 10 3 10 1 6 3 10 2 2 10 1 8
23: 2 5 4 5 2 7 9 7 1 8 10 8
24: 4 8 2 10 8 6 5 3 9 4 4 5
25: 2 8 8 8 1 10 10 3 4 6 10 5
