18: 20
2: 11 7
32: 680: 20 20 20 20 20 20 20 20 20 20 20 20 20 20 20 20 20 20 20 20 20 20 20 20 20 20 20 20 20 20 20 60
5: 700: 160 100 140 140 160

1: 6 9 8 4 1 6 7 2 7 5 3 8 8 6 4 4 3 7 2 8 8 2 6 3 2 5 2 5 2 4 9 9
2: 9 7 4 3 1 10 4 1 3 2 4 1 7 5 6 5 6 7 8 9 6 4 10 8 6 8 2 10 1 4 10 4

1: 1 9 8 4 1
2: 4 6 6 6 8
3: 6 7 2 9 6
4: 1 9 1 5 1
5: 4 2 8 6 2
6: 3 1 9 2 10
7: 7 5 2 6 7
8: 10 4 5 1 5
9: 6 4 2 2 7
10: 3 8 2 8 3
11: 6 7 6 6 7
12: 2 2 5 6 3
13: 8 4 8 10 1
14: 4 9 8 2 6
15: 6 3 3 4 2
16: 6 9 10 6 1
17: 7 8 6 2 10
18: 1 3 5 8 1
19: 7 10 7 4 8
20: 2 10 3 8 2
21: 7 4 7 1 8
22: 1 4 1 8 9
23: 7 7 7 10 5
24: 5 1 9 8 5
25: 3 4 8 3 8
26: 8 9 3 3 2
27: 5 10 1 8 6
28: 5 2 2 10 1
29: 7 3 5 6 3
30: 6 7 3 1 3
31: 4 9 4 4 10
32: 3 9 10 9 6
