18: 20
2: 9 9
32: 680: 20 20 20 20 20 20 20 20 20 20 20 20 20 20 20 20 20 20 20 20 20 20 20 20 20 20 20 20 20 20 20 60
5: 800: 200 200 120 120 160

1: 10 4 3 7 5 8 1 3 8 3 9 5 2 3 1 10 2 4 3 1 4 4 3 5 1 6 2 9 3 5 2 1
2: 10 2 9 4 5 6 8 3 5 2 2 5 6 3 4 7 3 3 6 3 9 2 3 4 1 5 7 1 8 8 3 9

1: 7 6 3 1 1
2: 1 5 1 4 7
3: 2 1 3 1 9
4: 10 10 6 9 9
5: 1 9 8 5 8
6: 4 1 8 4 3
7: 4 10 4 2 1
8: 10 5 6 1 7
9: 8 5 6 10 10
10: 2 8 9 4 1
11: 10 1 8 5 2
12: 6 10 6 6 1
13: 6 10 8 5 8
14: 4 5 3 5 2
15: 9 7 5 1 9
16: 2 8 10 10 4
17: 1 2 7 5 10
18: 6 2 7 10 6
19: 7 1 9 1 6
20: 4 2 2 9 3
21: 4 6 8 7 5
22: 10 3 6 5 10
23: 4 1 10 8 9
24: 3 9 2 6 2
25: 4 1 9 9 2
26: 6 9 1 4 7
27: 5 5 1 7 2
28: 1 4 5 5 8
29: 10 1 3 2 5
30: 7 9 6 9 3
31: 3 10 7 5 2
32: 1 8 7 1 7
