15: 36
5: 3 3 3 2 4
25: 1008: 36 36 36 36 36 36 36 36 36 36 36 36 36 36 36 36 36 36 36 36 36 36 36 36 144
12: 1116: 72 108 72 108 108 108 72 108 108 108 72 72

1: 7 10 9 9 6 5 8 1 8 1 10 4 3 8 2 1 8 9 7 3 2 6 9 4 4
2: 6 4 8 6 3 9 3 6 4 9 5 8 4 9 10 6 4 7 8 9 10 7 2 10 7
3: 8 3 4 5 8 1 5 5 2 1 7 8 9 6 2 9 4 1 2 8 9 10 3 1 5
4: 9 9 6 10 2 1 6 9 6 1 3 8 8 9 7 4 9 3 2 6 2 10 9 6 5
5: 7 9 2 4 9 8 1 4 2 6 5 4 3 8 7 4 3 2 1 9 8 9 1 6 2

1: 3 3 2 7 3 5 9 9 7 9 9 1
2: 2 8 7 3 2 2 10 2 7 3 7 5
3: 10 4 4 1 5 6 9 4 1 9 2 6
4: 6 2 5 4 2 5 3 6 10 7 2 1
5: 8 9 4 9 6 6 4 2 9 2 10 3
6: 9 2 9 10 9 1 9 10 8 7 4 10
7: 8 3 8 7 8 1 7 5 5 8 7 3
8: 5 3 4 6 7 4 1 2 5 8 1 5
9: 4 1 9 10 10 5 7 6 4 9 7 6
10: 5 4 3 3 2 10 4 5 2 5 6 5
11: 1 1 4 3 4 10 2 3 3 1 5 5
12: 5 8 1 4 9 4 4 10 6 5 1 1
13: 9 5 2 4 10 4 2 3 4 2 5 9
14: 4 8 10 3 5 8 7 8 3 5 6 6
15: 3 1 8 9 5 2 6 1 8 7 8 6
16: 7 7 7 7 7 10 10 6 8 8 8 7
17: 7 4 3 3 3 8 10 4 5 10 4 9
18: 5 9 10 2 4 1 9 2 9 9 1 6
19: 10 7 9 2 1 2 9 9 5 9 6 4
20: 4 9 6 8 10 4 6 8 4 4 3 7
21: 10 4 1 10 7 6 3 1 7 5 8 7
22: 8 6 9 6 10 2 5 3 10 1 5 8
23: 5 4 7 1 3 10 2 3 2 4 7 3
24: 5 7 8 1 2 4 2 9 1 9 2 6
25: 7 9 9 4 4 7 3 6 9 3 10 9
