18: 20
2: 10 8
32: 740: 20 40 20 20 20 20 20 20 20 20 20 20 20 20 20 20 20 40 40 20 20 40 20 20 20 20 20 20 20 20 20 40
5: 900: 180 200 180 160 180

1: 10 6 10 7 4 9 2 1 10 3 3 10 8 5 8 8 9 5 6 2 7 6 10 4 7 1 7 7 4 1 5 9
2: 6 2 8 3 2 9 5 7 7 8 5 8 6 7 3 1 1 2 10 10 8 1 9 4 8 3 3 8 6 3 1 10

1: 6 1 7 1 10
2: 10 6 1 10 2
3: 5 10 9 7 4
4: 3 5 3 8 10
5: 3 7 1 6 3
6: 8 9 5 4 8
7: 8 6 6 9 3
8: 2 8 5 7 3
9: 3 3 9 8 8
10: 5 10 6 2 2
11: 9 6 5 1 3
12: 10 6 8 8 3
13: 9 6 9 6 8
14: 7 4 6 6 6
15: 10 5 7 2 5
16: 7 2 2 6 1
17: 4 8 1 4 2
18: 5 8 2 2 1
19: 1 2 7 3 10
20: 1 1 5 9 1
21: 6 4 10 6 7
22: 8 10 8 10 5
23: 4 7 9 5 1
24: 1 1 6 10 9
25: 10 6 3 2 1
26: 2 6 5 2 1
27: 4 8 9 5 1
28: 5 2 8 7 8
29: 9 9 3 4 10
30: 10 10 4 9 8
31: 5 10 9 9 8
32: 7 8 3 6 1
