15: 36
5: 4 3 3 2 3
25: 972: 36 36 36 36 36 36 36 36 36 36 36 36 36 36 36 36 36 36 36 36 36 36 36 36 108
12: 1296: 144 72 108 108 72 144 72 72 144 108 108 144

1: 8 4 8 7 8 6 8 8 7 2 5 10 7 7 6 10 3 6 9 2 6 10 10 7 4
2: 8 1 2 8 7 5 4 8 3 9 10 3 10 9 4 10 9 4 2 7 1 8 10 4 6
3: 1 4 1 4 2 1 10 10 1 5 9 6 3 5 1 8 3 9 5 8 1 10 10 7 10
4: 8 4 8 8 9 3 1 7 3 2 1 6 10 2 8 9 7 7 5 5 3 6 9 1 3
5: 9 8 4 4 6 2 9 2 9 5 5 1 10 10 10 9 2 5 4 10 5 5 4 5 4

1: 3 8 8 10 1 9 3 2 9 5 9 4
2: 10 3 5 3 3 6 2 7 8 3 10 8
3: 10 2 1 9 2 2 4 8 3 7 3 7
4: 8 2 5 7 8 6 8 3 7 4 4 6
5: 5 6 6 3 5 1 2 8 10 5 8 1
6: 7 9 8 4 10 3 1 6 1 1 5 7
7: 3 5 9 6 6 6 1 3 8 8 7 5
8: 9 4 5 10 1 6 2 3 3 1 2 5
9: 6 3 4 10 4 3 10 9 3 9 9 10
10: 2 3 3 2 7 9 6 1 8 8 6 2
11: 9 8 1 5 3 10 4 10 6 4 8 1
12: 7 9 1 6 8 4 5 1 7 10 6 7
13: 2 8 1 2 5 2 3 4 2 7 10 3
14: 6 2 6 10 9 4 7 4 4 1 8 1
15: 6 3 7 3 5 10 1 7 10 6 7 8
16: 6 7 7 5 8 7 9 10 10 7 10 5
17: 9 10 10 7 9 5 10 1 8 1 3 10
18: 1 2 4 9 4 7 3 7 6 10 9 5
19: 5 6 10 2 7 7 9 1 2 3 7 3
20: 7 2 10 5 5 5 3 6 8 4 5 4
21: 6 7 2 4 5 5 4 3 10 4 8 1
22: 2 10 10 1 10 2 8 4 2 3 8 4
23: 5 8 8 7 9 1 2 3 8 4 10 6
24: 7 9 6 7 6 10 7 3 9 7 6 2
25: 5 2 7 1 4 2 7 4 2 4 6 3
