20: 36
8: 2 3 3 2 3 2 2 3
40: 1908: 36 36 72 36 36 72 36 36 36 72 36 36 72 36 36 72 36 72 72 36 72 36 36 36 72 36 72 36 72 36 36 72 36 36 36 36 72 36 36 36
20: 2052: 72 108 108 72 108 108 108 108 108 108 108 144 72 108 72 144 108 108 108 72

1: 5 4 6 10 10 8 8 8 2 7 2 10 2 5 8 10 4 6 3 3 10 10 6 7 10 4 6 6 3 7 7 7 7 3 5 10 2 2 9 7
2: 4 4 9 4 8 5 7 10 6 4 6 8 4 5 3 5 10 4 3 2 2 8 8 4 5 6 5 10 9 7 8 6 9 5 1 1 2 9 4 8
3: 6 5 7 5 10 7 3 2 2 6 8 7 9 1 5 4 4 3 9 10 6 8 10 9 4 1 2 4 1 5 3 8 3 7 7 1 5 7 10 8
4: 5 9 6 5 6 4 4 5 7 1 9 10 4 4 5 7 2 8 9 4 4 5 8 4 1 5 6 8 4 7 10 3 4 5 5 1 6 1 10 3
5: 10 3 7 5 3 1 4 9 8 5 7 5 1 8 8 7 5 6 2 8 6 6 6 2 9 6 7 10 4 1 3 9 5 7 2 10 2 6 8 8
6: 5 9 10 2 2 3 3 7 9 10 7 3 5 8 6 1 4 6 2 8 7 9 9 8 10 3 4 5 3 7 10 5 2 5 7 1 4 9 10 8
7: 4 4 2 3 4 5 5 3 9 10 2 5 10 5 9 1 2 5 8 4 4 6 2 3 1 3 7 1 9 8 1 8 10 7 10 9 1 9 2 6
8: 4 4 2 9 6 4 2 2 9 3 10 10 6 6 4 1 6 10 6 4 4 7 7 10 1 5 8 8 7 4 5 9 9 3 2 10 2 3 10 9

1: 10 9 9 9 1 1 2 5 4 5 8 5 3 6 6 9 1 7 10 10
2: 3 9 10 7 7 5 5 8 1 10 7 9 4 6 10 1 6 3 8 7
3: 8 7 2 5 10 8 7 6 10 6 9 10 4 7 7 8 6 1 9 6
4: 2 5 4 7 10 10 3 1 4 1 2 2 3 2 2 4 1 6 3 9
5: 1 7 7 10 1 8 10 3 7 7 9 2 10 6 7 4 7 6 2 6
6: 8 6 10 2 9 9 4 6 3 3 4 2 8 5 3 9 3 8 6 7
7: 6 10 10 4 4 8 2 5 3 8 1 8 1 4 1 9 5 9 3 5
8: 1 10 9 4 2 3 5 5 1 3 6 6 7 7 1 1 3 7 1 8
9: 3 3 2 2 3 1 3 3 8 6 3 4 5 7 6 5 5 5 3 4
10: 5 2 9 10 7 8 10 6 8 6 8 4 9 7 4 3 6 8 9 5
11: 2 9 4 2 6 3 10 3 3 2 10 6 4 8 7 6 5 3 9 7
12: 4 3 4 6 4 7 4 6 4 1 1 3 1 8 5 8 4 2 1 5
13: 7 7 4 4 8 10 1 9 10 2 3 1 2 2 5 3 5 3 5 1
14: 8 8 6 10 6 7 7 6 5 2 7 3 10 9 3 7 3 10 10 3
15: 8 2 7 5 6 7 4 10 7 6 4 5 2 2 8 8 3 8 1 10
16: 9 6 3 8 4 1 1 1 10 6 2 4 1 7 4 7 9 3 4 1
17: 1 8 2 7 10 3 5 5 5 9 9 9 8 10 6 10 6 1 4 5
18: 7 1 7 2 6 4 4 6 2 8 3 7 7 9 8 10 7 3 3 7
19: 8 5 7 3 3 8 1 9 3 9 5 5 4 7 8 4 4 5 1 7
20: 6 10 7 1 2 10 4 7 8 6 2 2 10 5 3 1 9 5 1 4
21: 4 7 9 5 9 8 3 9 5 10 4 1 3 9 4 1 2 3 7 8
22: 9 7 3 5 8 2 8 6 9 8 10 1 2 1 2 1 8 7 7 9
23: 8 2 3 9 4 1 9 2 8 2 1 3 1 2 5 1 2 9 2 3
24: 6 8 2 7 5 6 5 9 4 2 9 6 9 9 6 3 7 2 4 8
25: 10 3 9 2 4 2 8 2 8 8 6 4 6 1 4 6 10 6 6 3
26: 7 4 10 5 4 6 6 6 4 2 1 4 9 3 5 6 8 6 5 7
27: 5 1 7 8 6 5 10 5 2 7 7 8 8 10 9 4 3 3 5 6
28: 5 9 3 9 3 1 2 4 8 3 8 2 9 1 4 10 5 6 5 6
29: 2 4 8 5 10 3 2 7 8 5 4 10 7 7 1 6 7 5 6 3
30: 2 8 3 3 9 10 5 2 6 10 8 5 8 9 1 5 3 7 9 9
31: 6 4 2 4 1 1 8 6 2 9 9 9 1 4 5 1 9 3 9 3
32: 10 8 9 10 8 8 8 9 6 9 6 3 8 5 3 10 4 5 4 7
33: 3 7 7 3 8 6 7 5 3 1 9 4 6 10 2 7 8 4 10 5
34: 9 1 6 2 6 10 8 6 8 2 7 7 7 5 4 9 7 8 7 3
35: 1 8 8 7 8 2 8 4 8 9 4 3 3 7 9 10 9 9 7 7
36: 7 5 2 8 10 6 2 8 1 3 5 9 6 6 10 8 9 8 10 10
37: 6 5 7 8 5 8 1 4 7 9 9 7 7 8 7 7 4 9 1 5
38: 7 6 6 9 2 7 6 7 6 5 3 10 8 3 4 5 3 4 5 7
39: 10 1 5 10 5 10 6 2 2 2 3 3 7 2 8 7 1 1 3 5
40: 10 10 7 10 8 8 8 7 7 1 4 1 4 5 4 10 2 1 10 7
