18: 20
2: 10 8
32: 700: 20 20 20 20 20 20 20 20 20 20 20 20 20 20 20 20 20 20 20 20 20 20 20 20 20 20 20 20 20 20 20 80
5: 840: 220 140 160 180 140

1: 7 8 2 2 2 6 5 7 1 1 5 4 3 1 5 2 3 10 8 9 5 7 10 7 8 7 7 10 5 6 4 4
2: 8 9 7 3 9 1 1 10 5 8 5 8 4 2 6 4 5 9 8 2 2 9 7 5 9 9 3 3 10 6 10 9

1: 7 6 5 3 10
2: 6 2 1 4 6
3: 4 1 9 3 7
4: 7 7 2 8 5
5: 5 7 1 3 8
6: 4 2 1 5 7
7: 7 8 1 5 8
8: 2 9 2 8 3
9: 3 4 10 1 6
10: 8 3 2 6 1
11: 2 5 9 8 10
12: 6 3 5 4 7
13: 1 7 8 9 6
14: 2 2 6 4 10
15: 9 2 6 10 8
16: 1 8 2 3 5
17: 3 2 7 3 8
18: 2 1 3 1 5
19: 5 8 9 10 5
20: 10 5 4 7 6
21: 4 8 9 1 8
22: 3 3 6 1 1
23: 10 6 1 10 3
24: 7 5 4 2 1
25: 3 10 10 6 10
26: 6 5 10 4 9
27: 10 7 6 8 6
28: 3 9 6 5 10
29: 10 4 3 1 10
30: 7 9 9 1 9
31: 5 8 9 2 6
32: 1 3 5 7 10
