15: 36
5: 3 4 3 2 3
25: 900: 36 36 36 36 36 36 36 36 36 36 36 36 36 36 36 36 36 36 36 36 36 36 36 36 36
12: 1152: 72 108 144 108 72 72 72 72 108 144 72 108

1: 10 5 4 3 10 4 10 4 3 10 3 7 5 4 10 7 4 6 1 3 5 4 2 1 10
2: 5 10 9 7 9 6 8 6 10 9 7 3 3 10 9 7 9 1 4 4 1 10 9 8 2
3: 8 7 8 4 4 10 7 9 3 2 8 9 3 10 9 3 9 10 8 1 2 7 5 7 10
4: 6 6 2 3 6 9 10 7 2 6 8 10 4 1 3 8 2 2 9 10 3 6 5 5 5
5: 6 3 2 4 9 2 4 2 1 4 8 1 1 9 7 7 5 1 8 10 4 6 2 6 2

1: 6 10 5 5 9 9 4 1 8 5 4 5
2: 7 2 3 5 10 10 6 8 10 1 9 4
3: 9 10 4 5 5 10 10 1 4 6 5 7
4: 3 10 1 1 10 4 3 3 7 10 5 10
5: 6 9 4 3 9 4 5 4 6 10 10 9
6: 3 4 9 5 10 8 10 3 4 10 5 7
7: 6 2 2 10 1 7 8 4 2 10 10 8
8: 5 10 6 9 5 4 4 5 7 2 3 5
9: 4 4 6 8 9 7 4 1 3 10 6 4
10: 9 8 4 7 10 8 10 7 1 4 8 7
11: 6 5 7 4 5 8 1 6 1 9 6 5
12: 10 10 6 9 8 1 4 6 6 9 6 1
13: 6 10 3 2 5 1 3 5 5 2 1 7
14: 4 1 1 1 9 1 2 7 4 1 10 2
15: 1 2 3 7 1 5 9 7 2 8 7 9
16: 8 7 2 8 2 5 6 6 3 9 3 9
17: 1 3 8 6 10 9 2 9 2 7 2 7
18: 5 10 5 8 7 1 8 9 2 6 2 10
19: 5 5 9 8 10 2 9 9 7 7 7 5
20: 8 3 10 8 9 10 5 10 5 3 9 6
21: 10 2 2 4 2 1 6 9 1 7 4 2
22: 7 5 10 5 5 5 7 6 10 3 2 2
23: 1 7 3 5 7 3 8 2 4 3 3 6
24: 4 10 5 2 8 5 7 3 4 9 3 6
25: 8 3 6 7 4 4 6 3 2 8 3 2
