18: 20
2: 7 11
32: 640: 20 20 20 20 20 20 20 20 20 20 20 20 20 20 20 20 20 20 20 20 20 20 20 20 20 20 20 20 20 20 20 20
5: 760: 180 140 180 120 140

1: 8 4 7 3 2 3 10 6 1 7 9 9 10 4 9 6 8 4 6 4 4 1 6 9 9 7 8 4 6 6 3 5
2: 8 7 10 8 3 5 3 10 6 8 1 8 3 1 7 7 7 4 5 2 3 5 9 1 7 1 3 7 1 9 6 2

1: 5 9 7 4 8
2: 3 10 7 10 9
3: 4 2 6 3 1
4: 4 9 7 3 10
5: 2 9 10 8 6
6: 6 2 6 6 4
7: 8 2 6 10 9
8: 7 5 10 5 1
9: 2 3 3 6 3
10: 2 6 4 4 7
11: 8 2 6 4 8
12: 8 7 8 9 10
13: 5 8 10 10 6
14: 1 10 7 7 7
15: 4 9 4 5 3
16: 2 9 7 1 5
17: 4 4 5 9 7
18: 9 3 7 2 10
19: 4 6 7 4 9
20: 5 3 5 3 2
21: 10 2 5 1 1
22: 10 10 10 8 7
23: 7 9 4 2 9
24: 3 7 2 7 3
25: 4 4 10 2 7
26: 4 9 9 5 4
27: 2 8 4 6 5
28: 6 9 10 8 3
29: 4 10 4 8 10
30: 4 4 2 9 8
31: 9 2 5 2 9
32: 9 7 9 7 8
