18: 20
2: 7 11
32: 660: 20 20 20 20 20 20 20 20 20 20 20 20 20 20 20 20 20 20 20 20 20 20 20 20 20 20 20 20 20 20 20 40
5: 780: 200 120 160 140 160

1: 2 1 8 3 3 7 6 2 5 6 9 1 5 9 1 8 5 7 9 7 8 4 3 3 8 3 1 3 10 8 7 7
2: 9 1 6 2 2 7 5 8 1 8 1 7 2 8 6 8 3 1 5 4 1 4 9 7 3 3 2 10 7 9 8 10

1: 2 8 3 5 6
2: 4 10 5 5 8
3: 9 2 10 5 7
4: 10 6 9 7 1
5: 9 4 8 9 9
6: 9 8 8 5 6
7: 2 2 1 9 6
8: 4 3 4 6 3
9: 3 5 4 9 4
10: 4 6 6 9 1
11: 9 4 4 9 4
12: 2 5 3 4 7
13: 1 3 8 1 4
14: 8 5 2 3 10
15: 7 6 2 5 6
16: 10 2 4 4 1
17: 4 3 4 4 9
18: 5 8 3 3 2
19: 2 3 2 1 10
20: 3 10 8 5 7
21: 8 8 7 9 6
22: 4 1 1 3 9
23: 8 10 8 7 6
24: 1 8 9 9 2
25: 3 5 8 3 8
26: 4 6 5 5 6
27: 10 7 10 3 5
28: 10 6 9 2 10
29: 1 8 6 8 8
30: 2 1 8 3 1
31: 4 6 1 7 3
32: 4 1 8 10 9
