15: 36
5: 4 2 4 3 2
25: 900: 36 36 36 36 36 36 36 36 36 36 36 36 36 36 36 36 36 36 36 36 36 36 36 36 36
12: 936: 72 108 72 72 72 72 72 72 108 72 72 72

1: 10 3 7 3 7 10 8 8 4 8 2 6 3 4 6 4 7 3 1 10 6 9 3 8 5
2: 3 1 2 1 3 4 9 6 4 9 8 7 3 2 9 1 6 1 2 2 2 6 5 9 9
3: 6 8 1 7 1 7 6 5 2 5 8 10 4 10 5 6 10 9 1 9 3 1 5 2 6
4: 1 6 6 2 4 1 6 1 2 4 9 6 8 8 9 3 7 8 9 9 3 3 3 7 10
5: 9 7 10 8 5 5 6 5 6 7 1 4 1 10 1 9 9 2 3 6 4 5 9 1 6

1: 10 7 8 8 4 10 3 4 5 3 6 2
2: 5 6 2 7 3 10 4 5 4 10 7 9
3: 10 7 9 6 2 8 10 6 2 10 2 3
4: 9 4 1 2 9 8 3 6 2 6 10 5
5: 3 10 9 6 4 1 9 6 1 1 7 6
6: 5 2 2 2 2 1 4 7 7 4 1 6
7: 1 3 8 4 1 10 7 1 10 4 8 5
8: 10 10 7 1 8 5 8 1 3 5 8 4
9: 6 6 7 9 8 9 5 1 7 4 2 4
10: 2 2 7 7 7 2 2 8 8 7 1 2
11: 1 1 1 10 1 4 2 7 5 5 5 3
12: 9 6 3 4 3 3 5 2 8 9 5 10
13: 8 5 6 8 6 8 3 6 2 3 10 9
14: 7 3 7 1 2 5 1 6 6 2 8 6
15: 7 1 2 10 8 7 7 6 8 10 3 9
16: 5 8 1 1 2 10 8 5 10 4 6 2
17: 4 6 1 2 6 9 3 6 9 7 4 6
18: 9 6 5 2 8 6 2 2 1 7 4 1
19: 9 5 7 2 6 9 1 8 5 10 3 3
20: 4 4 6 1 2 3 5 2 8 1 2 8
21: 3 4 2 1 1 3 6 10 9 7 10 7
22: 7 7 7 8 7 2 1 10 6 2 5 6
23: 8 1 9 1 2 7 1 2 4 10 6 10
24: 8 9 2 3 10 7 2 10 1 6 4 6
25: 3 5 1 4 4 4 3 6 8 5 8 8
