15: 36
5: 3 3 3 2 4
25: 1008: 36 36 36 36 36 36 36 36 36 36 36 36 36 36 36 36 36 36 36 36 36 36 36 36 144
12: 1332: 108 144 144 72 108 108 108 72 144 108 108 108

1: 3 2 2 7 3 6 6 1 9 2 2 5 10 7 7 3 10 7 5 9 10 1 6 3 2
2: 4 4 10 6 6 9 6 10 3 7 6 2 5 7 1 9 8 6 7 2 1 5 6 5 7
3: 6 3 7 10 8 5 4 10 10 7 4 7 8 4 3 8 8 6 4 7 9 4 8 1 1
4: 5 2 2 10 10 5 5 2 4 10 6 6 6 1 6 9 7 3 9 10 8 4 6 5 6
5: 4 7 9 10 3 4 5 6 1 2 8 8 5 7 2 5 1 4 6 4 5 5 4 5 6

1: 1 10 5 3 1 10 6 5 7 2 8 4
2: 6 5 8 8 6 2 9 9 5 4 4 8
3: 8 5 8 10 4 2 8 5 5 1 2 1
4: 5 9 8 1 7 8 2 8 8 3 10 2
5: 2 10 4 7 6 6 6 8 5 1 7 1
6: 6 8 8 1 2 10 9 1 9 8 9 4
7: 4 9 7 9 4 6 1 3 7 9 4 8
8: 9 2 2 3 3 5 9 4 10 4 6 8
9: 9 4 4 3 5 1 1 10 4 3 3 3
10: 6 9 4 10 1 1 7 5 9 3 1 10
11: 8 1 5 8 3 7 8 5 6 6 3 2
12: 8 8 1 7 9 2 2 2 2 6 2 3
13: 6 8 3 3 5 3 2 5 5 8 8 5
14: 2 8 9 1 4 4 3 1 9 6 2 3
15: 10 3 5 2 9 1 1 10 5 5 10 7
16: 1 2 8 1 4 2 6 7 9 5 5 7
17: 1 10 5 3 7 10 8 8 9 5 4 10
18: 7 6 9 7 6 1 7 2 3 3 3 2
19: 6 1 9 6 6 2 10 2 3 3 5 6
20: 3 3 10 7 3 7 7 6 6 6 5 5
21: 7 6 3 1 3 7 6 9 8 9 1 6
22: 2 6 8 4 1 10 10 2 7 9 7 8
23: 6 1 4 3 4 9 6 3 1 1 1 4
24: 3 9 8 6 8 2 3 2 5 6 8 9
25: 7 5 9 3 4 8 7 2 3 8 7 8
